 (mapcar #'quiz '(36.3 33.1 30.7 36 37.2 28.7 30.3 29.1 30.6 27.3 39 36.8 32 31.7 39.7 21.7 37.2 24.3))


(mapcar #'quiz '(37.9 35.9 37.6 34.8 37.6 33.5 0 22.3 22.1 12.4 36.8 32.5 0 36.6 36.9 0 40)

(mapcar #'quiz '(5.65 31.1 33.8 37.3 31.1 0 22.4 16 0 36.5 14.8 36.1 28.1 32.4 18.8 9.8 33.8 16.4 27.4 25.9 32.8 30.8 30.6 32.6))

(mapcar #'nota '(9 8.4 7 8 8.8 8.7 1 3.7 3.9 0.9 9 4.8 2.7 9.8 8.8 3.3 2))

(mapcar #'nota '(8.6 8.4 9.3 8.9 7.5 7.9 5 5.5 6 8.2 4.9 6 7.3 6.8 6.9 2.2 0.6))

(mapcar #'nota '(9.7 8.9 8 2.9 3.5 4.9 0.9 3.2 9 3.8 5.4 4.5 4.5 0 1 0 0 ))

(mapcar #'nota '(6.8 9.2 7.3 8 5 5.7 3 5 9.6 7 8.5 7.9 7.4 5.7 8.5 5.6 10 6.1))

(mapcar #'nota '(5 5.7 5.8 9.9 3 4.1 3.6 4.8 7.2 6.1 7 6.5 7.8 5.2 7 6.7 8.5 3.2))

(mapcar #'nota '(5 4.8 6.1 6.8 6.8 7.1 0 2 4.5 0 8 1 0 7.6 6 0 7.1))

(mapcar #'nota '(4.4 9.1 6.2 8.9 7.2 1.8 6.4 5.7 1 9.1 3.6 10 6 7.8 4.6 5 5 3.8 4 6.5 6 8.2 8.2 9.2))

(mapcar #'nota '(0 8.8 6.6 9.8 6.6 0 4.9 0.8 0 8.1 0 9.6 1 4.7 2.7 0 3 2.7 5 1.7 1 6.1 5.1 1))